current score is 1.4615384615384615
1 [23, [1, 2,] 11, 7, 10, 6, 19, 22, [24, 25,] 20, 5, 8, 18, [12, 13, 14, 15, 16, 17,] 21, [3, 4,] 9]        12 chunksize
2 [23, [1, 2,] [11, 10,] [7, 6,] 19, 22, [24, 25,] 20, 5, 8, 18, [12, 13, 14, 15, 16, 17,] 21, [3, 4,] 9]    16 chunksize
3 [23, [1, 2,] [11, 10,] [7, 6,] 19, 22, [24, 25,] 20, [5, 4, 3,] 21, [17, 16, 15, 14, 13, 12,] 18, [8, 9]]  19 chunksize chosen out of 27 000 000
current score is 2.6666666666666665
4 [19, [6, 7,] [10, 11,] [2, 1,] [23, 22,] [24, 25,] 20, [5, 4, 3,] 21, [17, 16, 15, 14, 13, 12,] 18, [8, 9]] 21 chunksize
5 [[12, 13, 14, 15, 16, 17,] 21, [3, 4, 5,] 20, [25, 24,] [22, 23,] [1, 2,] [11, 10,] [7, 6,] [19, 18,] [8, 9]] 23 chunksize
6 [[12, 13, 14, 15, 16, 17,] 21, [3, 4, 5, 6, 7,] [10, 11,] [2, 1,] [23, 22,] [24, 25,] 20, [19, 18,] [8, 9]]   23 chunksize chosen out of 27 000 000
current score is 4.166666666666667
7 [21, [17, 16, 15, 14, 13, 12,] [3, 4, 5, 6, 7,] [10, 11,] [2, 1,] [23, 22,] [24, 25,] [20, 19, 18,] [8, 9]]
8 [[25, 24,] [22, 23,] [1, 2,] [11, 10,] [7, 6, 5, 4, 3,] [12, 13, 14, 15, 16, 17,] [21, 20, 19, 18,] [8, 9]]
9 [[25, 24,] [22, 23,] [1, 2, 3, 4, 5, 6, 7,] [10, 11, 12, 13, 14, 15, 16, 17,] [21, 20, 19, 18,] [8, 9]]           chosen out of 27 000 000
current score is 8.333333333333334
10 [[17, 16, 15, 14, 13, 12, 11, 10,] [7, 6, 5, 4, 3, 2, 1,] [23, 22,] [24, 25,] [21, 20, 19, 18,] [8, 9]]
11 [[10, 11, 12, 13, 14, 15, 16, 17,] [7, 6, 5, 4, 3, 2, 1,] [23, 22,] [24, 25,] [21, 20, 19, 18,] [8, 9]]
12 [[10, 11, 12, 13, 14, 15, 16, 17, 18, 19, 20, 21,] [25, 24,] [22, 23,] [1, 2, 3, 4, 5, 6, 7, 8, 9]] chosen out of 27 000 000
current score is 25.0
13 [[8, 7, 6, 5, 4, 3, 2, 1,] [23, 22,] [24, 25,] [21, 20, 19, 18, 17, 16, 15, 14, 13, 12, 11, 10, 9]]
14 [[8, 7, 6, 5, 4, 3, 2, 1,] [22, 23, 24, 25,] [21, 20, 19, 18, 17, 16, 15, 14, 13, 12, 11, 10, 9]]
15 [[8, 7, 6, 5, 4, 3, 2, 1,] [25, 24, 23, 22, 21, 20, 19, 18, 17, 16, 15, 14, 13, 12, 11, 10, 9]] chosen out of 27 000 000

--------------------------------------------------------------------------------------------------------------------------------------

1 [23, 1, 2, 11, 7, 10, 6, 19, 22, 24, 25, 20, 5, 8, 18, 12, 13, 14, 15, 16, 17, 21, 3, 4, 9]
2 [23, 1, 2, 11, 10, 7, 6, 19, 22, 24, 25, 20, 5, 8, 18, 12, 13, 14, 15, 16, 17, 21, 3, 4, 9]
3 [23, 1, 2, 11, 10, 7, 6, 19, 22, 24, 25, 20, 5, 4, 3, 21, 17, 16, 15, 14, 13, 12, 18, 8, 9] chosen out of 27 000 000
current score is 2.6666666666666665

4 [19, 6, 7, 10, 11, 2, 1, 23, 22, 24, 25, 20, 5, 4, 3, 21, 17, 16, 15, 14, 13, 12, 18, 8, 9]
5 [12, 13, 14, 15, 16, 17, 21, 3, 4, 5, 20, 25, 24, 22, 23, 1, 2, 11, 10, 7, 6, 19, 18, 8, 9]
6 [12, 13, 14, 15, 16, 17, 21, 3, 4, 5, 6, 7, 10, 11, 2, 1, 23, 22, 24, 25, 20, 19, 18, 8, 9] chosen out of 27 000 000
current score is 4.166666666666667

7 [21, 17, 16, 15, 14, 13, 12, 3, 4, 5, 6, 7, 10, 11, 2, 1, 23, 22, 24, 25, 20, 19, 18, 8, 9]
8 [25, 24, 22, 23, 1, 2, 11, 10, 7, 6, 5, 4, 3, 12, 13, 14, 15, 16, 17, 21, 20, 19, 18, 8, 9]
9 [25, 24, 22, 23, 1, 2, 3, 4, 5, 6, 7, 10, 11, 12, 13, 14, 15, 16, 17, 21, 20, 19, 18, 8, 9] chosen out of 27 000 000
current score is 8.333333333333334

10 [25, 24, 23, 22, 1, 2, 3, 4, 5, 6, 7, 10, 11, 12, 13, 14, 15, 16, 17, 21, 20, 19, 18, 8, 9]
11 [25, 24, 23, 22, 18, 19, 20, 21, 17, 16, 15, 14, 13, 12, 11, 10, 7, 6, 5, 4, 3, 2, 1, 8, 9]
12 [25, 24, 23, 22, 21, 20, 19, 18, 17, 16, 15, 14, 13, 12, 11, 10, 7, 6, 5, 4, 3, 2, 1, 8, 9] chosen out of 27 000 000
current score is 25.0

13 [2, 3, 4, 5, 6, 7, 10, 11, 12, 13, 14, 15, 16, 17, 18, 19, 20, 21, 22, 23, 24, 25, 1, 8, 9]
14 [2, 3, 4, 5, 6, 7, 8, 1, 25, 24, 23, 22, 21, 20, 19, 18, 17, 16, 15, 14, 13, 12, 11, 10, 9]
15 [2, 3, 4, 5, 6, 7, 8, 9, 10, 11, 12, 13, 14, 15, 16, 17, 18, 19, 20, 21, 22, 23, 24, 25, 1] chosen out of 27 000 000

16 [25, 24, 23, 22, 21, 20, 19, 18, 17, 16, 15, 14, 13, 12, 11, 10, 9, 8, 7, 6, 5, 4, 3, 2, 1]
17 [1, 2, 3, 4, 5, 6, 7, 8, 9, 10, 11, 12, 13, 14, 15, 16, 17, 18, 19, 20, 21, 22, 23, 24, 25]